ex 1.5

	beta     price of call

    0.0100    0.0598
    0.0200    0.0600
    0.0300    0.0603
    0.0400    0.0610
    0.0500    0.0622
    0.0600    0.0638
    0.0700    0.0659
    0.0800    0.0684
    0.0900    0.0711
    0.1000    0.0740
    0.1100    0.0772
    0.1200    0.0807
    0.1300    0.0842
    0.1400    0.0881
    0.1500    0.0919
    0.1600    0.0956
    0.1700    0.0998
    0.1800    0.1042
    0.1900    0.1083
    0.2000    0.1129



ex 2.1

	B(0,  T) for the feller process
	Using 1mil paths and 100 time steps

	T    B(0,T)
    1    0.9671
    2    0.9302
    3    0.8916
    4    0.8525
    5    0.8137
    6    0.7760
    7    0.7394
    8    0.7044
    9    0.6708
   10    0.6385


   Call options at various strikes and expiries.
   Using 100k paths and 100+ time steps

    strike \  expiry
              0.1000    0.2000    0.3000    0.4000    0.5000    0.6000    0.7000    0.8000    0.9000    1.0000
    0.9000    0.0663    0.0654    0.0647    0.0639    0.0632    0.0624    0.0618    0.0611    0.0605    0.0598
    0.9100    0.0563    0.0555    0.0548    0.0540    0.0533    0.0527    0.0520    0.0514    0.0508    0.0501
    0.9200    0.0463    0.0456    0.0449    0.0442    0.0435    0.0429    0.0422    0.0416    0.0411    0.0404
    0.9300    0.0363    0.0356    0.0350    0.0343    0.0336    0.0330    0.0325    0.0319    0.0313    0.0308
    0.9400    0.0263    0.0257    0.0250    0.0244    0.0238    0.0233    0.0227    0.0222    0.0217    0.0211
    0.9500    0.0164    0.0158    0.0151    0.0146    0.0140    0.0135    0.0130    0.0126    0.0122    0.0118
    0.9600    0.0067    0.0062    0.0058    0.0055    0.0052    0.0049    0.0046    0.0044    0.0042    0.0040
    0.9700    0.0006    0.0006    0.0006    0.0006    0.0005    0.0005    0.0005    0.0005    0.0004    0.0004
    0.9800    0.0000    0.0000    0.0000    0.0000    0.0000    0.0000    0.0000    0.0000    0.0000    0.0000
    0.9900         0         0         0         0         0         0         0         0         0         0
    1.0000         0         0         0         0         0         0         0         0         0         0
    1.0100         0         0         0         0         0         0         0         0         0         0
    1.0200         0         0         0         0         0         0         0         0         0         0
    1.0300         0         0         0         0         0         0         0         0         0         0
    1.0400         0         0         0         0         0         0         0         0         0         0
    1.0500         0         0         0         0         0         0         0         0         0         0
    1.0600         0         0         0         0         0         0         0         0         0         0
    1.0700         0         0         0         0         0         0         0         0         0         0
    1.0800         0         0         0         0         0         0         0         0         0         0
    1.0900         0         0         0         0         0         0         0         0         0         0
    1.1000         0         0         0         0         0         0         0         0         0         0